RMBE1130-K_30K_-160ps_836.17nm_[1-10]Horiz	RMBE1130-K_30K_-160ps_836.17nm_[1-10]Horiz	RMBE1130-K_30K_-160ps_836.17nm_[1-10]Horiz
Magnetic Field (T)	Lock-In 1 (V)	Lock-In 2 (V)
-1.000000e-001	6.440000e-004	1.694000e-002
-9.950000e-002	6.860000e-004	-1.980000e-003
-9.900000e-002	7.040000e-004	-1.160000e-003
-9.850000e-002	7.050000e-004	3.360000e-003
-9.800000e-002	7.770000e-004	8.940000e-003
-9.750000e-002	7.790000e-004	1.498000e-002
-9.700000e-002	8.320000e-004	2.264000e-002
-9.650000e-002	8.150000e-004	2.818000e-002
-9.600000e-002	8.710000e-004	3.298000e-002
-9.550000e-002	9.290000e-004	3.732000e-002
-9.500000e-002	9.580000e-004	4.010000e-002
-9.450000e-002	9.250000e-004	4.000000e-002
-9.400000e-002	9.030000e-004	3.652000e-002
-9.350000e-002	8.680000e-004	3.180000e-002
-9.300000e-002	8.600000e-004	2.422000e-002
-9.250000e-002	8.070000e-004	1.662000e-002
-9.200000e-002	6.850000e-004	7.820000e-003
-9.150000e-002	7.220000e-004	-4.400000e-004
-9.100000e-002	6.490000e-004	-8.040000e-003
-9.050000e-002	6.260000e-004	-1.500000e-002
-9.000000e-002	5.720000e-004	-2.068000e-002
-8.950000e-002	5.490000e-004	-2.366000e-002
-8.900000e-002	5.180000e-004	-2.584000e-002
-8.850000e-002	4.900000e-004	-2.836000e-002
-8.800000e-002	5.470000e-004	-2.802000e-002
-8.750000e-002	5.360000e-004	-2.686000e-002
-8.700000e-002	5.290000e-004	-2.422000e-002
-8.650000e-002	5.490000e-004	-2.066000e-002
-8.600000e-002	6.260000e-004	-1.712000e-002
-8.550000e-002	6.170000e-004	-1.180000e-002
-8.500000e-002	6.640000e-004	-4.840000e-003
-8.450000e-002	7.280000e-004	7.200000e-004
-8.400000e-002	7.660000e-004	8.560000e-003
-8.350000e-002	7.630000e-004	1.586000e-002
-8.300000e-002	8.410000e-004	2.314000e-002
-8.250000e-002	8.830000e-004	2.966000e-002
-8.200000e-002	9.310000e-004	3.488000e-002
-8.150000e-002	9.230000e-004	3.902000e-002
-8.100000e-002	9.500000e-004	4.104000e-002
-8.050000e-002	9.660000e-004	4.060000e-002
-8.000000e-002	9.310000e-004	3.792000e-002
-7.950000e-002	8.620000e-004	3.182000e-002
-7.900000e-002	8.260000e-004	2.448000e-002
-7.850000e-002	7.770000e-004	1.590000e-002
-7.800000e-002	6.910000e-004	6.900000e-003
-7.750000e-002	6.980000e-004	-1.480000e-003
-7.700000e-002	6.370000e-004	-8.540000e-003
-7.650000e-002	6.020000e-004	-1.474000e-002
-7.600000e-002	5.780000e-004	-2.050000e-002
-7.550000e-002	5.410000e-004	-2.540000e-002
-7.500000e-002	5.130000e-004	-2.736000e-002
-7.450000e-002	5.330000e-004	-2.840000e-002
-7.400000e-002	5.600000e-004	-2.760000e-002
-7.350000e-002	5.170000e-004	-2.782000e-002
-7.300000e-002	5.070000e-004	-2.514000e-002
-7.250000e-002	5.610000e-004	-2.136000e-002
-7.200000e-002	6.210000e-004	-1.700000e-002
-7.150000e-002	5.900000e-004	-1.138000e-002
-7.100000e-002	6.410000e-004	-4.460000e-003
-7.050000e-002	7.080000e-004	1.880000e-003
-7.000000e-002	7.330000e-004	9.060000e-003
-6.950000e-002	8.490000e-004	1.674000e-002
-6.900000e-002	9.040000e-004	2.364000e-002
-6.850000e-002	9.060000e-004	2.978000e-002
-6.800000e-002	9.330000e-004	3.574000e-002
-6.750000e-002	9.170000e-004	3.874000e-002
-6.700000e-002	9.040000e-004	4.010000e-002
-6.650000e-002	9.310000e-004	3.858000e-002
-6.600000e-002	9.480000e-004	3.390000e-002
-6.550000e-002	8.690000e-004	2.804000e-002
-6.500000e-002	8.140000e-004	2.080000e-002
-6.450000e-002	7.710000e-004	1.192000e-002
-6.400000e-002	7.070000e-004	3.820000e-003
-6.350000e-002	6.200000e-004	-4.780000e-003
-6.300000e-002	6.350000e-004	-1.250000e-002
-6.250000e-002	6.000000e-004	-1.862000e-002
-6.200000e-002	5.550000e-004	-2.218000e-002
-6.150000e-002	5.340000e-004	-2.614000e-002
-6.100000e-002	5.560000e-004	-2.836000e-002
-6.050000e-002	4.820000e-004	-2.980000e-002
-6.000000e-002	5.290000e-004	-2.906000e-002
-5.950000e-002	5.680000e-004	-2.770000e-002
-5.900000e-002	5.710000e-004	-2.386000e-002
-5.850000e-002	5.540000e-004	-2.076000e-002
-5.800000e-002	5.660000e-004	-1.546000e-002
-5.750000e-002	6.340000e-004	-9.220000e-003
-5.700000e-002	6.530000e-004	-3.060000e-003
-5.650000e-002	7.490000e-004	3.960000e-003
-5.600000e-002	7.800000e-004	1.202000e-002
-5.550000e-002	8.370000e-004	1.970000e-002
-5.500000e-002	8.970000e-004	2.684000e-002
-5.450000e-002	8.920000e-004	3.336000e-002
-5.400000e-002	9.430000e-004	3.748000e-002
-5.350000e-002	9.500000e-004	4.012000e-002
-5.300000e-002	9.170000e-004	3.938000e-002
-5.250000e-002	9.460000e-004	3.668000e-002
-5.200000e-002	8.950000e-004	3.028000e-002
-5.150000e-002	8.620000e-004	2.308000e-002
-5.100000e-002	7.940000e-004	1.534000e-002
-5.050000e-002	7.230000e-004	7.120000e-003
-5.000000e-002	6.970000e-004	-6.800000e-004
-4.950000e-002	6.990000e-004	-8.460000e-003
-4.900000e-002	6.550000e-004	-1.490000e-002
-4.850000e-002	5.830000e-004	-2.012000e-002
-4.800000e-002	5.400000e-004	-2.486000e-002
-4.750000e-002	5.280000e-004	-2.788000e-002
-4.700000e-002	4.870000e-004	-2.978000e-002
-4.650000e-002	4.530000e-004	-3.014000e-002
-4.600000e-002	5.160000e-004	-2.942000e-002
-4.550000e-002	5.680000e-004	-2.684000e-002
-4.500000e-002	5.400000e-004	-2.282000e-002
-4.450000e-002	6.040000e-004	-1.868000e-002
-4.400000e-002	6.210000e-004	-1.190000e-002
-4.350000e-002	6.770000e-004	-6.100000e-003
-4.300000e-002	6.670000e-004	1.280000e-003
-4.250000e-002	7.750000e-004	9.460000e-003
-4.200000e-002	8.210000e-004	1.762000e-002
-4.150000e-002	8.950000e-004	2.436000e-002
-4.100000e-002	8.960000e-004	3.134000e-002
-4.050000e-002	9.230000e-004	3.572000e-002
-4.000000e-002	9.450000e-004	3.904000e-002
-3.950000e-002	9.320000e-004	3.992000e-002
-3.900000e-002	9.090000e-004	3.824000e-002
-3.850000e-002	8.900000e-004	3.324000e-002
-3.800000e-002	8.820000e-004	2.582000e-002
-3.750000e-002	8.300000e-004	1.828000e-002
-3.700000e-002	7.400000e-004	1.018000e-002
-3.650000e-002	7.320000e-004	1.880000e-003
-3.600000e-002	6.270000e-004	-5.720000e-003
-3.550000e-002	6.450000e-004	-1.336000e-002
-3.500000e-002	5.650000e-004	-1.872000e-002
-3.450000e-002	5.480000e-004	-2.344000e-002
-3.400000e-002	5.320000e-004	-2.670000e-002
-3.350000e-002	5.310000e-004	-2.824000e-002
-3.300000e-002	5.220000e-004	-2.910000e-002
-3.250000e-002	5.150000e-004	-3.012000e-002
-3.200000e-002	5.390000e-004	-2.700000e-002
-3.150000e-002	5.710000e-004	-2.386000e-002
-3.100000e-002	6.260000e-004	-1.980000e-002
-3.050000e-002	6.620000e-004	-1.474000e-002
-3.000000e-002	6.740000e-004	-7.940000e-003
-2.950000e-002	6.500000e-004	-1.260000e-003
-2.900000e-002	7.610000e-004	6.680000e-003
-2.850000e-002	8.290000e-004	1.496000e-002
-2.800000e-002	8.570000e-004	2.266000e-002
-2.750000e-002	9.360000e-004	3.044000e-002
-2.700000e-002	9.630000e-004	3.592000e-002
-2.650000e-002	9.700000e-004	3.932000e-002
-2.600000e-002	9.520000e-004	4.074000e-002
-2.550000e-002	9.740000e-004	3.978000e-002
-2.500000e-002	9.590000e-004	3.630000e-002
-2.450000e-002	8.960000e-004	3.034000e-002
-2.400000e-002	8.550000e-004	2.258000e-002
-2.350000e-002	7.850000e-004	1.416000e-002
-2.300000e-002	7.400000e-004	5.520000e-003
-2.250000e-002	6.390000e-004	-2.960000e-003
-2.200000e-002	5.980000e-004	-9.720000e-003
-2.150000e-002	5.980000e-004	-1.572000e-002
-2.100000e-002	5.590000e-004	-2.028000e-002
-2.050000e-002	5.820000e-004	-2.354000e-002
-2.000000e-002	5.430000e-004	-2.662000e-002
-1.950000e-002	5.430000e-004	-2.792000e-002
-1.900000e-002	5.470000e-004	-2.754000e-002
-1.850000e-002	5.440000e-004	-2.600000e-002
-1.800000e-002	5.680000e-004	-2.360000e-002
-1.750000e-002	5.620000e-004	-2.010000e-002
-1.700000e-002	6.150000e-004	-1.548000e-002
-1.650000e-002	6.390000e-004	-9.220000e-003
-1.600000e-002	6.940000e-004	-2.000000e-003
-1.550000e-002	7.910000e-004	6.120000e-003
-1.500000e-002	7.990000e-004	1.456000e-002
-1.450000e-002	8.720000e-004	2.146000e-002
-1.400000e-002	9.220000e-004	2.930000e-002
-1.350000e-002	9.760000e-004	3.526000e-002
-1.300000e-002	9.360000e-004	3.884000e-002
-1.250000e-002	1.012000e-003	4.098000e-002
-1.200000e-002	9.770000e-004	4.048000e-002
-1.150000e-002	9.400000e-004	3.750000e-002
-1.100000e-002	8.910000e-004	3.190000e-002
-1.050000e-002	8.460000e-004	2.438000e-002
-1.000000e-002	7.640000e-004	1.540000e-002
-9.500000e-003	7.500000e-004	6.880000e-003
-9.000000e-003	7.250000e-004	-5.000000e-004
-8.500000e-003	6.520000e-004	-8.280000e-003
-8.000000e-003	6.220000e-004	-1.468000e-002
-7.500000e-003	6.050000e-004	-1.948000e-002
-7.000000e-003	5.720000e-004	-2.362000e-002
-6.500000e-003	5.410000e-004	-2.620000e-002
-6.000000e-003	5.900000e-004	-2.850000e-002
-5.500000e-003	5.290000e-004	-2.910000e-002
-5.000000e-003	5.390000e-004	-2.772000e-002
-4.500000e-003	5.460000e-004	-2.616000e-002
-4.000000e-003	5.380000e-004	-2.220000e-002
-3.500000e-003	6.740000e-004	-1.656000e-002
-3.000000e-003	6.920000e-004	-1.102000e-002
-2.500000e-003	7.110000e-004	-4.280000e-003
-2.000000e-003	7.480000e-004	3.720000e-003
-1.500000e-003	8.360000e-004	1.132000e-002
-1.000000e-003	8.780000e-004	1.964000e-002
-5.000000e-004	9.170000e-004	2.750000e-002
7.979728e-017	8.920000e-004	3.312000e-002
5.000000e-004	9.950000e-004	3.706000e-002
1.000000e-003	9.780000e-004	3.944000e-002
1.500000e-003	9.840000e-004	3.848000e-002
2.000000e-003	9.040000e-004	3.510000e-002
2.500000e-003	9.000000e-004	2.928000e-002
3.000000e-003	8.280000e-004	2.310000e-002
3.500000e-003	8.420000e-004	1.470000e-002
4.000000e-003	7.540000e-004	6.320000e-003
4.500000e-003	6.970000e-004	-1.500000e-003
5.000000e-003	7.060000e-004	-8.400000e-003
5.500000e-003	6.080000e-004	-1.486000e-002
6.000000e-003	5.680000e-004	-1.982000e-002
6.500000e-003	5.450000e-004	-2.446000e-002
7.000000e-003	5.600000e-004	-2.836000e-002
7.500000e-003	5.540000e-004	-2.898000e-002
8.000000e-003	5.580000e-004	-2.924000e-002
8.500000e-003	5.850000e-004	-2.886000e-002
9.000000e-003	5.500000e-004	-2.656000e-002
9.500000e-003	5.540000e-004	-2.238000e-002
1.000000e-002	5.660000e-004	-1.826000e-002
1.050000e-002	7.190000e-004	-1.168000e-002
1.100000e-002	6.990000e-004	-4.420000e-003
1.150000e-002	7.690000e-004	2.800000e-003
1.200000e-002	8.390000e-004	1.126000e-002
1.250000e-002	8.650000e-004	2.022000e-002
1.300000e-002	8.650000e-004	2.766000e-002
1.350000e-002	8.720000e-004	3.378000e-002
1.400000e-002	9.380000e-004	3.840000e-002
1.450000e-002	9.660000e-004	4.070000e-002
1.500000e-002	1.021000e-003	4.046000e-002
1.550000e-002	8.850000e-004	3.756000e-002
1.600000e-002	9.200000e-004	3.236000e-002
1.650000e-002	8.630000e-004	2.526000e-002
1.700000e-002	8.070000e-004	1.696000e-002
1.750000e-002	7.510000e-004	7.560000e-003
1.800000e-002	7.280000e-004	-7.600000e-004
1.850000e-002	6.790000e-004	-8.460000e-003
1.900000e-002	6.180000e-004	-1.476000e-002
1.950000e-002	5.640000e-004	-1.936000e-002
2.000000e-002	5.480000e-004	-2.330000e-002
2.050000e-002	5.310000e-004	-2.694000e-002
2.100000e-002	5.570000e-004	-2.884000e-002
2.150000e-002	5.490000e-004	-2.960000e-002
2.200000e-002	5.500000e-004	-2.840000e-002
2.250000e-002	5.150000e-004	-2.636000e-002
2.300000e-002	5.620000e-004	-2.318000e-002
2.350000e-002	5.790000e-004	-1.928000e-002
2.400000e-002	6.780000e-004	-1.328000e-002
2.450000e-002	7.540000e-004	-5.380000e-003
2.500000e-002	7.200000e-004	2.200000e-003
2.550000e-002	8.160000e-004	1.094000e-002
2.600000e-002	8.420000e-004	1.914000e-002
2.650000e-002	8.840000e-004	2.768000e-002
2.700000e-002	9.010000e-004	3.376000e-002
2.750000e-002	9.930000e-004	3.844000e-002
2.800000e-002	9.670000e-004	4.010000e-002
2.850000e-002	9.470000e-004	3.892000e-002
2.900000e-002	9.370000e-004	3.704000e-002
2.950000e-002	8.570000e-004	3.066000e-002
3.000000e-002	8.170000e-004	2.554000e-002
3.050000e-002	8.070000e-004	1.752000e-002
3.100000e-002	7.620000e-004	9.700000e-003
3.150000e-002	7.420000e-004	1.020000e-003
3.200000e-002	6.660000e-004	-7.080000e-003
3.250000e-002	6.060000e-004	-1.410000e-002
3.300000e-002	5.550000e-004	-1.920000e-002
3.350000e-002	5.700000e-004	-2.376000e-002
3.400000e-002	5.610000e-004	-2.724000e-002
3.450000e-002	5.030000e-004	-2.892000e-002
3.500000e-002	5.410000e-004	-2.942000e-002
3.550000e-002	5.390000e-004	-2.946000e-002
3.600000e-002	5.590000e-004	-2.756000e-002
3.650000e-002	5.790000e-004	-2.468000e-002
3.700000e-002	5.830000e-004	-2.016000e-002
3.750000e-002	6.910000e-004	-1.470000e-002
3.800000e-002	7.170000e-004	-7.240000e-003
3.850000e-002	7.120000e-004	2.680000e-003
3.900000e-002	7.800000e-004	1.020000e-002
3.950000e-002	8.480000e-004	1.934000e-002
4.000000e-002	8.580000e-004	2.698000e-002
4.050000e-002	9.550000e-004	3.298000e-002
4.100000e-002	9.740000e-004	3.726000e-002
4.150000e-002	9.480000e-004	3.886000e-002
4.200000e-002	9.900000e-004	3.978000e-002
4.250000e-002	9.410000e-004	3.768000e-002
4.300000e-002	8.950000e-004	3.324000e-002
4.350000e-002	8.860000e-004	2.630000e-002
4.400000e-002	8.370000e-004	1.858000e-002
4.450000e-002	7.200000e-004	1.084000e-002
4.500000e-002	6.650000e-004	3.360000e-003
4.550000e-002	6.770000e-004	-5.500000e-003
4.600000e-002	5.930000e-004	-1.284000e-002
4.650000e-002	5.470000e-004	-1.742000e-002
4.700000e-002	5.940000e-004	-2.240000e-002
4.750000e-002	5.580000e-004	-2.522000e-002
4.800000e-002	5.630000e-004	-2.732000e-002
4.850000e-002	5.190000e-004	-2.818000e-002
4.900000e-002	4.930000e-004	-2.864000e-002
4.950000e-002	5.750000e-004	-2.734000e-002
5.000000e-002	5.960000e-004	-2.392000e-002
5.050000e-002	6.620000e-004	-1.952000e-002
5.100000e-002	7.280000e-004	-1.374000e-002
5.150000e-002	6.080000e-004	-7.020000e-003
5.200000e-002	7.390000e-004	4.600000e-004
5.250000e-002	8.290000e-004	1.016000e-002
5.300000e-002	8.580000e-004	1.858000e-002
5.350000e-002	8.830000e-004	2.730000e-002
5.400000e-002	9.480000e-004	3.410000e-002
5.450000e-002	9.600000e-004	3.878000e-002
5.500000e-002	9.490000e-004	4.070000e-002
5.550000e-002	9.720000e-004	3.992000e-002
5.600000e-002	9.740000e-004	3.724000e-002
5.650000e-002	8.950000e-004	3.202000e-002
5.700000e-002	8.810000e-004	2.600000e-002
5.750000e-002	8.430000e-004	1.774000e-002
5.800000e-002	7.570000e-004	1.008000e-002
5.850000e-002	7.080000e-004	2.360000e-003
5.900000e-002	6.830000e-004	-4.780000e-003
5.950000e-002	6.220000e-004	-1.248000e-002
6.000000e-002	5.890000e-004	-1.836000e-002
6.050000e-002	5.640000e-004	-2.236000e-002
6.100000e-002	5.820000e-004	-2.572000e-002
6.150000e-002	5.540000e-004	-2.802000e-002
6.200000e-002	5.040000e-004	-2.788000e-002
6.250000e-002	5.330000e-004	-2.782000e-002
6.300000e-002	5.860000e-004	-2.616000e-002
6.350000e-002	5.640000e-004	-2.330000e-002
6.400000e-002	6.370000e-004	-1.914000e-002
6.450000e-002	6.870000e-004	-1.406000e-002
6.500000e-002	6.950000e-004	-7.380000e-003
6.550000e-002	7.920000e-004	1.480000e-003
6.600000e-002	9.090000e-004	9.720000e-003
6.650000e-002	8.730000e-004	1.904000e-002
6.700000e-002	9.350000e-004	2.692000e-002
6.750000e-002	9.350000e-004	3.422000e-002
6.800000e-002	9.740000e-004	3.810000e-002
6.850000e-002	9.160000e-004	4.076000e-002
6.900000e-002	9.640000e-004	4.086000e-002
6.950000e-002	9.880000e-004	3.798000e-002
7.000000e-002	9.490000e-004	3.320000e-002
7.050000e-002	9.150000e-004	2.700000e-002
7.100000e-002	8.230000e-004	1.942000e-002
7.150000e-002	7.860000e-004	1.180000e-002
7.200000e-002	7.340000e-004	4.700000e-003
7.250000e-002	6.380000e-004	-3.640000e-003
7.300000e-002	6.810000e-004	-1.144000e-002
7.350000e-002	6.370000e-004	-1.704000e-002
7.400000e-002	5.790000e-004	-2.110000e-002
7.450000e-002	5.130000e-004	-2.510000e-002
7.500000e-002	5.530000e-004	-2.754000e-002
7.550000e-002	5.570000e-004	-2.898000e-002
7.600000e-002	4.840000e-004	-2.926000e-002
7.650000e-002	5.050000e-004	-2.694000e-002
7.700000e-002	5.650000e-004	-2.512000e-002
7.750000e-002	5.720000e-004	-2.040000e-002
7.800000e-002	6.420000e-004	-1.596000e-002
7.850000e-002	6.970000e-004	-8.600000e-003
7.900000e-002	6.980000e-004	-1.240000e-003
7.950000e-002	8.100000e-004	6.960000e-003
8.000000e-002	8.420000e-004	1.692000e-002
8.050000e-002	8.660000e-004	2.538000e-002
8.100000e-002	9.050000e-004	3.206000e-002
8.150000e-002	9.470000e-004	3.744000e-002
8.200000e-002	9.580000e-004	4.020000e-002
8.250000e-002	9.520000e-004	3.944000e-002
8.300000e-002	9.520000e-004	3.678000e-002
8.350000e-002	9.570000e-004	3.206000e-002
8.400000e-002	8.680000e-004	2.660000e-002
8.450000e-002	8.340000e-004	1.918000e-002
8.500000e-002	8.150000e-004	1.120000e-002
8.550000e-002	7.430000e-004	3.940000e-003
8.600000e-002	7.020000e-004	-3.380000e-003
8.650000e-002	6.510000e-004	-1.072000e-002
8.700000e-002	6.210000e-004	-1.702000e-002
8.750000e-002	5.900000e-004	-2.178000e-002
8.800000e-002	5.270000e-004	-2.590000e-002
8.850000e-002	5.320000e-004	-2.854000e-002
8.900000e-002	5.080000e-004	-3.028000e-002
8.950000e-002	5.310000e-004	-3.010000e-002
9.000000e-002	5.450000e-004	-2.796000e-002
9.050000e-002	6.050000e-004	-2.548000e-002
9.100000e-002	5.910000e-004	-2.148000e-002
9.150000e-002	6.880000e-004	-1.620000e-002
9.200000e-002	6.810000e-004	-8.940000e-003
9.250000e-002	7.800000e-004	-6.800000e-004
9.300000e-002	8.310000e-004	7.640000e-003
9.350000e-002	8.740000e-004	1.694000e-002
9.400000e-002	8.740000e-004	2.524000e-002
9.450000e-002	9.750000e-004	3.180000e-002
9.500000e-002	9.500000e-004	3.744000e-002
9.550000e-002	1.009000e-003	4.042000e-002
9.600000e-002	9.590000e-004	3.926000e-002
9.650000e-002	9.340000e-004	3.592000e-002
9.700000e-002	9.440000e-004	3.194000e-002
9.750000e-002	8.940000e-004	2.576000e-002
9.800000e-002	8.520000e-004	1.816000e-002
9.850000e-002	7.630000e-004	1.108000e-002
9.900000e-002	7.590000e-004	3.220000e-003
9.950000e-002	7.380000e-004	-3.320000e-003
1.000000e-001	6.340000e-004	-1.088000e-002
