4.00V	4.00V
Magnetic Field (T)	Lock-In Average (V)
-2.000000e-01	2.868792e+01	
-1.980000e-01	2.866418e+01	
-1.960000e-01	2.918437e+01	
-1.940000e-01	2.910338e+01	
-1.920000e-01	2.861054e+01	
-1.900000e-01	2.890954e+01	
-1.880000e-01	2.865808e+01	
-1.860000e-01	2.937429e+01	
-1.840000e-01	2.937607e+01	
-1.820000e-01	2.943356e+01	
-1.800000e-01	2.956549e+01	
-1.780000e-01	2.866762e+01	
-1.760000e-01	2.932549e+01	
-1.740000e-01	2.899752e+01	
-1.720000e-01	2.876510e+01	
-1.700000e-01	2.893249e+01	
-1.680000e-01	2.932387e+01	
-1.660000e-01	2.907783e+01	
-1.640000e-01	2.916305e+01	
-1.620000e-01	2.868838e+01	
-1.600000e-01	2.851860e+01	
-1.580000e-01	2.895588e+01	
-1.560000e-01	2.936847e+01	
-1.540000e-01	2.912465e+01	
-1.520000e-01	2.878772e+01	
-1.500000e-01	2.903546e+01	
-1.480000e-01	2.949424e+01	
-1.460000e-01	2.906773e+01	
-1.440000e-01	2.916004e+01	
-1.420000e-01	2.887324e+01	
-1.400000e-01	2.949371e+01	
-1.380000e-01	2.903596e+01	
-1.360000e-01	2.926029e+01	
-1.340000e-01	2.936900e+01	
-1.320000e-01	2.865962e+01	
-1.300000e-01	2.960638e+01	
-1.280000e-01	2.918807e+01	
-1.260000e-01	2.875357e+01	
-1.240000e-01	2.916181e+01	
-1.220000e-01	2.904442e+01	
-1.200000e-01	2.930359e+01	
-1.180000e-01	2.923726e+01	
-1.160000e-01	2.910699e+01	
-1.140000e-01	2.918614e+01	
-1.120000e-01	2.932174e+01	
-1.100000e-01	2.902345e+01	
-1.080000e-01	2.912937e+01	
-1.060000e-01	2.933388e+01	
-1.040000e-01	2.872660e+01	
-1.020000e-01	2.937153e+01	
-1.000000e-01	2.923589e+01	
-9.800000e-02	2.949756e+01	
-9.600000e-02	2.922182e+01	
-9.400000e-02	2.931583e+01	
-9.200000e-02	2.982927e+01	
-9.000000e-02	2.848913e+01	
-8.800000e-02	2.875587e+01	
-8.600000e-02	2.953724e+01	
-8.400000e-02	2.914264e+01	
-8.200000e-02	2.847309e+01	
-8.000000e-02	2.910742e+01	
-7.800000e-02	2.927736e+01	
-7.600000e-02	2.864953e+01	
-7.400000e-02	2.870229e+01	
-7.200000e-02	2.867624e+01	
-7.000000e-02	2.962681e+01	
-6.800000e-02	2.899078e+01	
-6.600000e-02	2.873443e+01	
-6.400000e-02	2.835924e+01	
-6.200000e-02	2.866642e+01	
-6.000000e-02	2.909665e+01	
-5.800000e-02	2.818678e+01	
-5.600000e-02	2.874326e+01	
-5.400000e-02	2.861445e+01	
-5.200000e-02	2.838569e+01	
-5.000000e-02	2.883681e+01	
-4.800000e-02	2.874573e+01	
-4.600000e-02	2.843084e+01	
-4.400000e-02	2.882159e+01	
-4.200000e-02	2.829668e+01	
-4.000000e-02	2.879204e+01	
-3.800000e-02	2.893855e+01	
-3.600000e-02	2.801051e+01	
-3.400000e-02	2.852037e+01	
-3.200000e-02	2.828616e+01	
-3.000000e-02	2.826600e+01	
-2.800000e-02	2.782559e+01	
-2.600000e-02	2.838444e+01	
-2.400000e-02	2.785571e+01	
-2.200000e-02	2.816158e+01	
-2.000000e-02	2.774087e+01	
-1.800000e-02	2.755163e+01	
-1.600000e-02	2.785449e+01	
-1.400000e-02	2.731082e+01	
-1.200000e-02	2.788225e+01	
-1.000000e-02	2.827817e+01	
-8.000000e-03	2.753803e+01	
-6.000000e-03	2.753909e+01	
-4.000000e-03	2.789550e+01	
-2.000000e-03	2.816776e+01	
0.000000e+00	2.848112e+01	
2.000000e-03	2.985618e+01	
4.000000e-03	2.981957e+01	
6.000000e-03	3.091289e+01	
8.000000e-03	3.145478e+01	
1.000000e-02	3.151921e+01	
1.200000e-02	3.154777e+01	
1.400000e-02	3.162178e+01	
1.600000e-02	3.120280e+01	
1.800000e-02	3.048976e+01	
2.000000e-02	3.090378e+01	
2.200000e-02	3.144963e+01	
2.400000e-02	3.154356e+01	
2.600000e-02	3.060381e+01	
2.800000e-02	3.108102e+01	
3.000000e-02	3.023434e+01	
3.200000e-02	3.064006e+01	
3.400000e-02	3.044983e+01	
3.600000e-02	3.045320e+01	
3.800000e-02	3.102213e+01	
4.000000e-02	3.023872e+01	
4.200000e-02	3.078127e+01	
4.400000e-02	3.022144e+01	
4.600000e-02	3.069575e+01	
4.800000e-02	3.003058e+01	
5.000000e-02	3.000309e+01	
5.200000e-02	2.990608e+01	
5.400000e-02	3.076833e+01	
5.600000e-02	3.019252e+01	
5.800000e-02	2.955774e+01	
6.000000e-02	2.993944e+01	
6.200000e-02	3.009814e+01	
6.400000e-02	2.966961e+01	
6.600000e-02	2.980377e+01	
6.800000e-02	3.012548e+01	
7.000000e-02	3.003972e+01	
7.200000e-02	2.982663e+01	
7.400000e-02	3.004756e+01	
7.600000e-02	2.945223e+01	
7.800000e-02	2.954338e+01	
8.000000e-02	2.972743e+01	
8.200000e-02	2.963407e+01	
8.400000e-02	2.944288e+01	
8.600000e-02	2.961637e+01	
8.800000e-02	2.941089e+01	
9.000000e-02	2.914712e+01	
9.200000e-02	3.016024e+01	
9.400000e-02	2.963802e+01	
9.600000e-02	2.937356e+01	
9.800000e-02	2.951692e+01	
1.000000e-01	2.969044e+01	
1.020000e-01	2.943633e+01	
1.040000e-01	2.941971e+01	
1.060000e-01	2.946106e+01	
1.080000e-01	2.936984e+01	
1.100000e-01	2.943361e+01	
1.120000e-01	2.946179e+01	
1.140000e-01	2.890732e+01	
1.160000e-01	3.000360e+01	
1.180000e-01	2.885040e+01	
1.200000e-01	2.943419e+01	
1.220000e-01	2.974773e+01	
1.240000e-01	2.943024e+01	
1.260000e-01	2.935448e+01	
1.280000e-01	2.939689e+01	
1.300000e-01	2.944621e+01	
1.320000e-01	2.944948e+01	
1.340000e-01	2.921447e+01	
1.360000e-01	2.900690e+01	
1.380000e-01	3.005647e+01	
1.400000e-01	2.916657e+01	
1.420000e-01	2.875364e+01	
1.440000e-01	2.958999e+01	
1.460000e-01	2.901283e+01	
1.480000e-01	2.963875e+01	
1.500000e-01	2.922242e+01	
1.520000e-01	2.925904e+01	
1.540000e-01	2.950145e+01	
1.560000e-01	2.875998e+01	
1.580000e-01	2.883648e+01	
1.600000e-01	2.899255e+01	
1.620000e-01	2.913187e+01	
1.640000e-01	2.920503e+01	
1.660000e-01	2.884975e+01	
1.680000e-01	2.907698e+01	
1.700000e-01	2.883963e+01	
1.720000e-01	2.936897e+01	
1.740000e-01	2.904305e+01	
1.760000e-01	2.916869e+01	
1.780000e-01	2.861511e+01	
1.800000e-01	2.902404e+01	
1.820000e-01	2.909664e+01	
1.840000e-01	2.881355e+01	
1.860000e-01	2.846042e+01	
1.880000e-01	2.864865e+01	
1.900000e-01	2.860828e+01	
1.920000e-01	2.914568e+01	
1.940000e-01	2.917516e+01	
1.960000e-01	2.874959e+01	
1.980000e-01	2.860746e+01	
