RMBE1130-K_30K_836.17nm_[1-10]Horiz_0.2T	RMBE1130-K_30K_836.17nm_[1-10]Horiz_0.2T	RMBE1130-K_30K_836.17nm_[1-10]Horiz_0.2T
Delay (ps)	Lock-In 1 (V)	Lock-In 2 (V)
-5.001662e+002	4.040000e-004	-2.180000e-002
-4.752355e+002	3.910000e-004	-2.690000e-002
-4.503047e+002	3.470000e-004	-3.170000e-002
-4.253740e+002	3.720000e-004	-3.460000e-002
-4.001662e+002	3.470000e-004	-3.594000e-002
-3.752909e+002	3.690000e-004	-3.586000e-002
-3.503047e+002	3.950000e-004	-3.516000e-002
-3.253740e+002	3.280000e-004	-3.340000e-002
-3.001662e+002	3.670000e-004	-2.932000e-002
-2.752909e+002	4.130000e-004	-2.452000e-002
-2.503047e+002	4.350000e-004	-2.068000e-002
-2.253740e+002	4.270000e-004	-1.428000e-002
-2.001662e+002	5.190000e-004	-9.180000e-003
-1.752355e+002	5.280000e-004	-1.620000e-003
-1.503601e+002	5.760000e-004	4.400000e-003
-1.250970e+002	6.390000e-004	1.056000e-002
-1.001662e+002	6.510000e-004	1.710000e-002
-7.523546e+001	6.950000e-004	2.276000e-002
-5.036011e+001	7.720000e-004	2.730000e-002
-2.509695e+001	1.631000e-003	1.357600e-001
-1.662050e-001	3.104000e-003	4.064800e-001
2.476454e+001	3.021000e-003	3.893600e-001
4.969529e+001	2.848000e-003	3.561600e-001
7.490305e+001	2.582000e-003	3.206400e-001
9.983380e+001	2.320000e-003	2.749800e-001
1.247645e+002	1.990000e-003	2.201000e-001
1.499723e+002	1.583000e-003	1.611200e-001
1.748476e+002	1.157000e-003	9.490000e-002
1.997784e+002	7.330000e-004	2.596000e-002
2.250416e+002	3.550000e-004	-4.300000e-002
2.499723e+002	-1.010000e-004	-1.083600e-001
2.749030e+002	-4.410000e-004	-1.685200e-001
2.998338e+002	-8.260000e-004	-2.235600e-001
3.247645e+002	-1.126000e-003	-2.711400e-001
3.499723e+002	-1.321000e-003	-3.107200e-001
3.749030e+002	-1.486000e-003	-3.382800e-001
3.998338e+002	-1.664000e-003	-3.571800e-001
4.247645e+002	-1.579000e-003	-3.574400e-001
4.499723e+002	-1.703000e-003	-3.463800e-001
4.749030e+002	-1.550000e-003	-3.345800e-001
4.998338e+002	-1.281000e-003	-3.076800e-001
5.247645e+002	-1.036000e-003	-2.728400e-001
5.499169e+002	-8.100000e-004	-2.273600e-001
5.749030e+002	-4.470000e-004	-1.766200e-001
5.997784e+002	-1.450000e-004	-1.185400e-001
6.250416e+002	2.290000e-004	-5.908000e-002
6.499723e+002	6.590000e-004	2.520000e-003
6.749030e+002	9.840000e-004	6.338000e-002
6.998338e+002	1.367000e-003	1.198200e-001
7.247091e+002	1.709000e-003	1.748400e-001
7.499723e+002	2.033000e-003	2.186800e-001
7.749030e+002	2.305000e-003	2.624000e-001
7.998338e+002	2.522000e-003	2.958800e-001
8.247091e+002	2.644000e-003	3.165800e-001
8.499723e+002	2.680000e-003	3.390400e-001
8.749030e+002	2.686000e-003	3.324800e-001
8.998338e+002	2.692000e-003	3.266800e-001
9.247645e+002	2.567000e-003	3.093600e-001
9.499169e+002	2.345000e-003	2.767400e-001
9.749030e+002	2.105000e-003	2.412200e-001
9.998338e+002	1.859000e-003	1.956600e-001
1.024765e+003	1.548000e-003	1.516000e-001
1.049917e+003	1.276000e-003	9.756000e-002
1.074903e+003	9.290000e-004	4.454000e-002
1.099834e+003	5.290000e-004	-1.152000e-002
1.124765e+003	1.870000e-004	-6.772000e-002
1.149972e+003	-8.400000e-005	-1.196800e-001
1.174848e+003	-5.040000e-004	-1.721600e-001
1.199834e+003	-7.230000e-004	-2.167200e-001
1.224765e+003	-9.330000e-004	-2.453400e-001
1.249972e+003	-1.043000e-003	-2.691000e-001
1.274903e+003	-1.204000e-003	-2.883400e-001
1.299834e+003	-1.201000e-003	-2.953400e-001
1.324765e+003	-1.235000e-003	-2.981400e-001
1.349972e+003	-1.239000e-003	-2.918600e-001
1.374903e+003	-9.750000e-004	-2.708800e-001
1.399834e+003	-8.400000e-004	-2.503400e-001
1.424820e+003	-6.300000e-004	-2.095000e-001
1.449751e+003	-3.780000e-004	-1.626200e-001
1.474958e+003	-5.300000e-005	-1.165800e-001
1.499834e+003	2.200000e-004	-6.664000e-002
1.524820e+003	5.500000e-004	-1.670000e-002
1.550028e+003	8.970000e-004	3.492000e-002
1.574958e+003	1.168000e-003	8.414000e-002
1.599889e+003	1.480000e-003	1.296000e-001
1.624765e+003	1.713000e-003	1.744800e-001
1.650028e+003	1.956000e-003	2.082000e-001
1.674958e+003	2.164000e-003	2.432200e-001
1.699889e+003	2.249000e-003	2.641400e-001
1.724765e+003	2.328000e-003	2.767000e-001
1.750028e+003	2.409000e-003	2.835200e-001
1.774958e+003	2.410000e-003	2.748400e-001
1.799889e+003	2.252000e-003	2.606400e-001
1.824820e+003	2.138000e-003	2.476200e-001
1.849695e+003	1.959000e-003	2.164400e-001
1.874958e+003	1.777000e-003	1.865000e-001
1.899889e+003	1.556000e-003	1.448000e-001
1.924820e+003	1.331000e-003	9.836000e-002
1.950028e+003	9.840000e-004	5.278000e-002
1.974903e+003	6.920000e-004	5.080000e-003
1.999889e+003	3.620000e-004	-4.424000e-002
2.024820e+003	1.180000e-004	-8.824000e-002
2.049695e+003	-8.800000e-005	-1.283800e-001
2.074958e+003	-3.710000e-004	-1.659600e-001
2.099889e+003	-6.280000e-004	-1.943600e-001
2.124820e+003	-6.570000e-004	-2.186600e-001
2.149972e+003	-8.200000e-004	-2.328600e-001
2.174958e+003	-7.620000e-004	-2.393200e-001
2.199889e+003	-8.890000e-004	-2.451600e-001
2.224820e+003	-8.570000e-004	-2.444600e-001
2.249751e+003	-6.760000e-004	-2.240800e-001
2.274903e+003	-5.480000e-004	-2.131800e-001
2.299889e+003	-3.840000e-004	-1.756400e-001
2.324820e+003	-2.150000e-004	-1.429400e-001
2.350028e+003	-1.600000e-005	-1.086000e-001
2.374903e+003	2.660000e-004	-7.040000e-002
2.399889e+003	5.120000e-004	-2.632000e-002
2.424820e+003	8.560000e-004	1.586000e-002
2.449751e+003	1.036000e-003	5.852000e-002
2.474958e+003	1.268000e-003	1.007800e-001
2.499834e+003	1.539000e-003	1.381200e-001
2.524820e+003	1.685000e-003	1.715200e-001
2.550028e+003	1.976000e-003	1.926600e-001
2.574958e+003	2.012000e-003	2.108600e-001
2.599834e+003	2.074000e-003	2.221000e-001
2.624820e+003	2.188000e-003	2.273200e-001
2.649751e+003	2.085000e-003	2.258000e-001
2.674958e+003	2.042000e-003	2.158200e-001
2.699889e+003	1.952000e-003	2.016200e-001
2.724820e+003	1.921000e-003	1.828000e-001
2.750028e+003	1.708000e-003	1.585200e-001
2.775014e+003	1.437000e-003	1.255000e-001
2.799945e+003	1.273000e-003	9.380000e-002
2.824820e+003	1.047000e-003	5.478000e-002
2.849806e+003	7.690000e-004	1.544000e-002
2.875014e+003	5.560000e-004	-2.432000e-002
2.899945e+003	2.850000e-004	-6.216000e-002
2.924875e+003	-2.900000e-005	-9.400000e-002
2.949806e+003	-1.420000e-004	-1.263200e-001
2.975014e+003	-3.180000e-004	-1.581800e-001
2.999945e+003	-4.480000e-004	-1.829200e-001
3.024875e+003	-4.990000e-004	-1.990600e-001
3.049751e+003	-5.000000e-004	-2.076400e-001
3.075014e+003	-5.370000e-004	-2.097600e-001
3.099945e+003	-5.540000e-004	-2.073600e-001
3.124875e+003	-5.140000e-004	-1.957200e-001
3.149806e+003	-4.160000e-004	-1.797000e-001
3.174958e+003	-2.720000e-004	-1.580400e-001
3.199945e+003	-8.600000e-005	-1.267600e-001
3.224875e+003	1.230000e-004	-9.534000e-002
3.249806e+003	3.190000e-004	-6.236000e-002
3.274958e+003	4.930000e-004	-2.896000e-002
3.299945e+003	7.490000e-004	3.800000e-003
3.324875e+003	9.620000e-004	3.910000e-002
3.349806e+003	1.176000e-003	7.174000e-002
3.375014e+003	1.448000e-003	9.988000e-002
3.399889e+003	1.489000e-003	1.316800e-001
3.424875e+003	1.712000e-003	1.569800e-001
3.449806e+003	1.829000e-003	1.735800e-001
3.475014e+003	1.848000e-003	1.796600e-001
3.499889e+003	1.975000e-003	1.866000e-001
3.524875e+003	1.941000e-003	1.943800e-001
3.549806e+003	1.907000e-003	1.897000e-001
3.575014e+003	1.826000e-003	1.799600e-001
3.599945e+003	1.734000e-003	1.660800e-001
3.624820e+003	1.703000e-003	1.378200e-001
3.649806e+003	1.471000e-003	1.154200e-001
3.675014e+003	1.278000e-003	8.700000e-002
3.699945e+003	1.143000e-003	5.146000e-002
3.724820e+003	9.270000e-004	1.910000e-002
3.750083e+003	6.980000e-004	-1.096000e-002
3.775069e+003	4.620000e-004	-4.360000e-002
3.800000e+003	2.770000e-004	-7.402000e-002
3.824875e+003	6.600000e-005	-1.037200e-001
3.849806e+003	-2.800000e-005	-1.209800e-001
3.875069e+003	-7.700000e-005	-1.464000e-001
3.900000e+003	-2.190000e-004	-1.609800e-001
3.924931e+003	-3.180000e-004	-1.798600e-001
3.949861e+003	-2.540000e-004	-1.778000e-001
3.974792e+003	-2.990000e-004	-1.755800e-001
4.000000e+003	-2.380000e-004	-1.628200e-001
4.024931e+003	-1.450000e-004	-1.556000e-001
4.049861e+003	-5.800000e-005	-1.275200e-001
4.074792e+003	2.700000e-005	-1.092200e-001
4.100000e+003	2.660000e-004	-8.310000e-002
4.124931e+003	3.810000e-004	-6.160000e-002
4.149861e+003	6.600000e-004	-3.168000e-002
4.174792e+003	8.150000e-004	-1.780000e-003
4.199945e+003	9.450000e-004	2.668000e-002
4.224931e+003	1.185000e-003	5.674000e-002
4.249861e+003	1.315000e-003	8.360000e-002
4.274737e+003	1.368000e-003	1.030200e-001
4.300000e+003	1.613000e-003	1.225400e-001
4.324931e+003	1.644000e-003	1.417800e-001
4.349861e+003	1.790000e-003	1.521600e-001
4.374737e+003	1.820000e-003	1.633000e-001
4.400000e+003	1.837000e-003	1.620400e-001
4.424931e+003	1.797000e-003	1.568600e-001
4.449861e+003	1.762000e-003	1.505000e-001
4.474737e+003	1.706000e-003	1.328200e-001
4.500000e+003	1.615000e-003	1.168000e-001
4.524875e+003	1.512000e-003	1.005600e-001
4.549861e+003	1.241000e-003	7.942000e-002
4.574792e+003	1.222000e-003	4.968000e-002
4.599945e+003	9.290000e-004	2.512000e-002
4.624931e+003	8.370000e-004	-2.720000e-003
4.649861e+003	5.970000e-004	-2.860000e-002
4.674792e+003	4.230000e-004	-5.668000e-002
4.700000e+003	3.140000e-004	-7.646000e-002
4.724931e+003	2.850000e-004	-9.338000e-002
4.749861e+003	1.340000e-004	-1.129200e-001
4.774792e+003	7.900000e-005	-1.236400e-001
4.800000e+003	3.700000e-005	-1.323400e-001
4.824875e+003	-4.000000e-005	-1.437200e-001
4.849861e+003	-2.000000e-005	-1.385400e-001
4.874792e+003	5.300000e-005	-1.387000e-001
4.900000e+003	7.100000e-005	-1.251800e-001
4.924931e+003	1.760000e-004	-1.098400e-001
4.949861e+003	2.980000e-004	-9.366000e-002
4.974792e+003	3.980000e-004	-7.446000e-002
5.000000e+003	5.450000e-004	-5.406000e-002
5.024931e+003	7.310000e-004	-3.104000e-002
5.049806e+003	8.210000e-004	-5.320000e-003
5.075069e+003	9.900000e-004	1.892000e-002
5.100000e+003	1.149000e-003	4.262000e-002
5.124931e+003	1.310000e-003	6.408000e-002
5.149806e+003	1.443000e-003	8.056000e-002
5.175014e+003	1.516000e-003	9.944000e-002
5.200000e+003	1.633000e-003	1.147000e-001
5.224931e+003	1.711000e-003	1.268600e-001
5.249861e+003	1.799000e-003	1.314400e-001
5.274737e+003	1.747000e-003	1.403800e-001
5.300000e+003	1.777000e-003	1.312200e-001
5.324931e+003	1.716000e-003	1.290400e-001
5.349861e+003	1.684000e-003	1.210600e-001
5.374792e+003	1.616000e-003	1.032400e-001
5.400000e+003	1.485000e-003	8.554000e-002
5.424931e+003	1.416000e-003	6.632000e-002
5.449861e+003	1.276000e-003	4.686000e-002
5.474792e+003	1.086000e-003	2.456000e-002
5.500000e+003	1.000000e-003	3.340000e-003
5.524931e+003	8.140000e-004	-2.074000e-002
5.549861e+003	6.420000e-004	-4.132000e-002
5.574792e+003	6.350000e-004	-5.730000e-002
5.599945e+003	5.100000e-004	-7.654000e-002
5.624875e+003	5.240000e-004	-9.364000e-002
5.649861e+003	2.870000e-004	-9.234000e-002
5.674792e+003	2.290000e-004	-1.144000e-001
5.700000e+003	3.200000e-004	-1.114800e-001
5.724931e+003	2.870000e-004	-1.134000e-001
5.749861e+003	3.120000e-004	-1.095600e-001
5.774792e+003	2.350000e-004	-1.087400e-001
5.800000e+003	5.170000e-004	-9.424000e-002
5.824931e+003	4.780000e-004	-8.284000e-002
5.849806e+003	5.590000e-004	-6.962000e-002
5.875069e+003	7.200000e-004	-5.038000e-002
5.900000e+003	7.730000e-004	-3.202000e-002
5.924931e+003	1.000000e-003	-1.002000e-002
5.949861e+003	1.131000e-003	9.760000e-003
5.974792e+003	1.197000e-003	3.064000e-002
6.000000e+003	1.318000e-003	4.498000e-002
6.024986e+003	1.472000e-003	6.522000e-002
6.049917e+003	1.552000e-003	7.856000e-002
6.074792e+003	1.768000e-003	9.188000e-002
6.100055e+003	1.560000e-003	9.676000e-002
6.124986e+003	1.720000e-003	1.076400e-001
6.149861e+003	1.668000e-003	1.098800e-001
6.174848e+003	1.716000e-003	1.153000e-001
6.199778e+003	1.679000e-003	1.033800e-001
6.224986e+003	1.700000e-003	9.216000e-002
6.249861e+003	1.566000e-003	8.330000e-002
6.274848e+003	1.517000e-003	7.228000e-002
6.299778e+003	1.405000e-003	5.586000e-002
6.324986e+003	1.409000e-003	4.310000e-002
6.349917e+003	1.159000e-003	2.384000e-002
6.374792e+003	1.123000e-003	4.520000e-003
6.399778e+003	1.022000e-003	-1.326000e-002
6.424986e+003	8.710000e-004	-3.094000e-002
6.449917e+003	8.760000e-004	-4.476000e-002
6.474792e+003	7.090000e-004	-6.124000e-002
6.500055e+003	6.090000e-004	-7.338000e-002
6.524986e+003	6.400000e-004	-8.084000e-002
6.549917e+003	5.480000e-004	-8.192000e-002
6.574903e+003	5.230000e-004	-8.590000e-002
6.599778e+003	6.630000e-004	-9.154000e-002
6.625042e+003	6.920000e-004	-8.914000e-002
6.649972e+003	7.260000e-004	-8.132000e-002
6.674903e+003	7.100000e-004	-7.854000e-002
6.699778e+003	7.430000e-004	-6.596000e-002
6.725042e+003	7.360000e-004	-5.726000e-002
6.749972e+003	9.120000e-004	-4.136000e-002
6.774903e+003	9.980000e-004	-2.466000e-002
6.799834e+003	1.186000e-003	-8.120000e-003
6.824765e+003	1.260000e-003	6.740000e-003
6.849972e+003	1.320000e-003	2.172000e-002
6.874903e+003	1.394000e-003	3.572000e-002
6.899834e+003	1.545000e-003	5.122000e-002
6.924709e+003	1.693000e-003	6.244000e-002
6.949972e+003	1.654000e-003	7.344000e-002
6.974903e+003	1.670000e-003	8.218000e-002
