RMBE1130-K_30K_836nm_[1-10]Horiz_0.2T	RMBE1130-K_30K_836nm_[1-10]Horiz_0.2T	RMBE1130-K_30K_836nm_[1-10]Horiz_0.2T
Delay (ps)	Lock-In 1 (V)	Lock-In 2 (V)
-5.001662e+002	1.060000e-004	-2.150000e-002
-4.752355e+002	9.200000e-005	-2.706000e-002
-4.503047e+002	7.100000e-005	-3.154000e-002
-4.253740e+002	5.500000e-005	-3.610000e-002
-4.001662e+002	4.200000e-005	-3.700000e-002
-3.752355e+002	4.000000e-005	-3.878000e-002
-3.503601e+002	-1.000000e-006	-3.792000e-002
-3.250970e+002	9.000000e-005	-3.608000e-002
-3.001662e+002	5.200000e-005	-3.248000e-002
-2.752909e+002	8.900000e-005	-2.842000e-002
-2.503047e+002	1.080000e-004	-2.348000e-002
-2.253740e+002	1.400000e-004	-1.706000e-002
-2.001662e+002	1.710000e-004	-1.128000e-002
-1.752909e+002	2.250000e-004	-4.360000e-003
-1.503047e+002	2.800000e-004	2.680000e-003
-1.253740e+002	3.160000e-004	9.920000e-003
-1.001662e+002	3.940000e-004	1.596000e-002
-7.523546e+001	4.430000e-004	2.136000e-002
-5.030471e+001	4.290000e-004	2.724000e-002
-2.537396e+001	5.790000e-004	5.058000e-002
-1.662050e-001	2.813000e-003	4.254400e-001
2.476454e+001	2.812000e-003	4.067800e-001
4.963989e+001	2.594000e-003	3.760800e-001
7.490305e+001	2.428000e-003	3.315800e-001
9.983380e+001	2.108000e-003	2.898200e-001
1.247645e+002	1.722000e-003	2.342000e-001
1.499723e+002	1.332000e-003	1.669800e-001
1.748476e+002	8.740000e-004	9.792000e-002
1.998338e+002	4.670000e-004	2.968000e-002
2.247645e+002	7.900000e-005	-3.934000e-002
2.499723e+002	-4.120000e-004	-1.079000e-001
2.749030e+002	-7.920000e-004	-1.732000e-001
2.998338e+002	-1.144000e-003	-2.293600e-001
3.247645e+002	-1.467000e-003	-2.765800e-001
3.499723e+002	-1.639000e-003	-3.183600e-001
3.749030e+002	-1.880000e-003	-3.523800e-001
3.997784e+002	-1.977000e-003	-3.679400e-001
4.250416e+002	-2.040000e-003	-3.699200e-001
4.499723e+002	-2.008000e-003	-3.680200e-001
4.749030e+002	-1.867000e-003	-3.581400e-001
4.997784e+002	-1.744000e-003	-3.252200e-001
5.249861e+002	-1.464000e-003	-2.884400e-001
5.499723e+002	-1.211000e-003	-2.439200e-001
5.749584e+002	-8.830000e-004	-1.898800e-001
5.998892e+002	-5.050000e-004	-1.310000e-001
6.247645e+002	-1.600000e-004	-6.776000e-002
6.500277e+002	2.460000e-004	-5.700000e-003
6.749584e+002	6.670000e-004	6.052000e-002
6.998892e+002	1.053000e-003	1.201000e-001
7.247645e+002	1.421000e-003	1.783400e-001
7.499723e+002	1.701000e-003	2.302400e-001
7.749584e+002	2.007000e-003	2.698000e-001
7.998892e+002	2.230000e-003	3.042400e-001
8.248199e+002	2.382000e-003	3.316800e-001
8.496953e+002	2.433000e-003	3.436000e-001
8.749584e+002	2.472000e-003	3.458800e-001
8.998892e+002	2.368000e-003	3.395000e-001
9.248199e+002	2.306000e-003	3.221800e-001
9.499723e+002	2.097000e-003	2.937600e-001
9.749030e+002	1.941000e-003	2.583600e-001
9.998892e+002	1.630000e-003	2.142200e-001
1.024820e+003	1.300000e-003	1.633200e-001
1.049751e+003	9.690000e-004	1.075000e-001
1.074958e+003	6.150000e-004	5.342000e-002
1.099889e+003	2.590000e-004	-4.860000e-003
1.124875e+003	-1.030000e-004	-6.328000e-002
1.149806e+003	-4.400000e-004	-1.170000e-001
1.175014e+003	-7.870000e-004	-1.731400e-001
1.199889e+003	-1.029000e-003	-2.174600e-001
1.224875e+003	-1.210000e-003	-2.549600e-001
1.249806e+003	-1.375000e-003	-2.797200e-001
1.274958e+003	-1.637000e-003	-2.956600e-001
1.299889e+003	-1.626000e-003	-3.118400e-001
1.324875e+003	-1.679000e-003	-3.186800e-001
1.349806e+003	-1.615000e-003	-2.963400e-001
1.375014e+003	-1.452000e-003	-2.880000e-001
1.399945e+003	-1.298000e-003	-2.547400e-001
1.424931e+003	-1.033000e-003	-2.158800e-001
1.449861e+003	-7.660000e-004	-1.717400e-001
1.474792e+003	-4.720000e-004	-1.279600e-001
1.499945e+003	-1.900000e-004	-7.592000e-002
1.524931e+003	1.800000e-004	-1.950000e-002
1.549861e+003	4.980000e-004	3.218000e-002
1.574792e+003	8.230000e-004	8.616000e-002
1.599945e+003	1.163000e-003	1.297000e-001
1.624931e+003	1.408000e-003	1.796800e-001
1.649861e+003	1.633000e-003	2.163800e-001
1.674792e+003	1.833000e-003	2.463400e-001
1.700000e+003	1.965000e-003	2.691600e-001
1.724875e+003	2.122000e-003	2.841800e-001
1.749861e+003	2.111000e-003	2.901200e-001
1.774792e+003	2.055000e-003	2.869400e-001
1.800000e+003	1.979000e-003	2.727600e-001
1.824875e+003	1.872000e-003	2.569400e-001
1.849861e+003	1.733000e-003	2.261400e-001
1.874737e+003	1.530000e-003	1.952000e-001
1.899945e+003	1.239000e-003	1.528000e-001
1.924875e+003	9.680000e-004	1.094000e-001
1.949751e+003	6.810000e-004	6.048000e-002
1.975014e+003	3.760000e-004	1.298000e-002
1.999945e+003	3.200000e-005	-3.930000e-002
2.024875e+003	-2.530000e-004	-8.750000e-002
2.049751e+003	-5.260000e-004	-1.303200e-001
2.075014e+003	-7.700000e-004	-1.690600e-001
2.099945e+003	-9.340000e-004	-2.011000e-001
2.124875e+003	-1.146000e-003	-2.318000e-001
2.149806e+003	-1.210000e-003	-2.458600e-001
2.174958e+003	-1.292000e-003	-2.588000e-001
2.199945e+003	-1.328000e-003	-2.585400e-001
2.224875e+003	-1.191000e-003	-2.528400e-001
2.249806e+003	-1.122000e-003	-2.374200e-001
2.274958e+003	-1.049000e-003	-2.190800e-001
2.299945e+003	-9.170000e-004	-1.955000e-001
2.324875e+003	-7.150000e-004	-1.605800e-001
2.349806e+003	-4.430000e-004	-1.201400e-001
2.375014e+003	-1.770000e-004	-7.712000e-002
2.399889e+003	1.130000e-004	-3.462000e-002
2.424875e+003	3.610000e-004	1.280000e-002
2.449806e+003	6.630000e-004	5.714000e-002
2.475014e+003	9.110000e-004	9.856000e-002
2.499889e+003	1.119000e-003	1.371200e-001
2.524875e+003	1.387000e-003	1.686800e-001
2.549806e+003	1.522000e-003	1.969600e-001
2.575014e+003	1.635000e-003	2.194400e-001
2.599945e+003	1.786000e-003	2.369400e-001
2.624820e+003	1.833000e-003	2.489000e-001
2.649806e+003	1.808000e-003	2.414400e-001
2.675014e+003	1.779000e-003	2.361200e-001
2.699945e+003	1.648000e-003	2.182800e-001
2.724820e+003	1.519000e-003	1.957200e-001
2.750083e+003	1.293000e-003	1.673800e-001
2.775014e+003	1.147000e-003	1.345400e-001
2.799945e+003	8.940000e-004	9.940000e-002
2.824875e+003	6.440000e-004	5.962000e-002
2.849751e+003	4.020000e-004	1.868000e-002
2.875014e+003	1.420000e-004	-2.228000e-002
2.899945e+003	-9.900000e-005	-6.208000e-002
2.924875e+003	-2.710000e-004	-1.009200e-001
2.949806e+003	-5.100000e-004	-1.323800e-001
2.975014e+003	-7.630000e-004	-1.615800e-001
2.999945e+003	-8.470000e-004	-1.846200e-001
3.024820e+003	-9.690000e-004	-2.034400e-001
3.049751e+003	-1.050000e-003	-2.146600e-001
3.074958e+003	-1.101000e-003	-2.178600e-001
3.099889e+003	-1.092000e-003	-2.099200e-001
3.124820e+003	-9.210000e-004	-2.068400e-001
3.149972e+003	-8.800000e-004	-1.872600e-001
3.174958e+003	-7.460000e-004	-1.658800e-001
3.199834e+003	-6.180000e-004	-1.406600e-001
3.224820e+003	-3.910000e-004	-1.105800e-001
3.249751e+003	-1.590000e-004	-7.704000e-002
3.274903e+003	1.500000e-005	-4.192000e-002
3.299889e+003	2.510000e-004	-2.280000e-003
3.324820e+003	5.170000e-004	3.304000e-002
3.350028e+003	7.430000e-004	7.056000e-002
3.374903e+003	9.430000e-004	1.027400e-001
3.399889e+003	1.114000e-003	1.348400e-001
3.424820e+003	1.234000e-003	1.575600e-001
3.449751e+003	1.421000e-003	1.806000e-001
3.474958e+003	1.546000e-003	1.965000e-001
3.499834e+003	1.580000e-003	2.019400e-001
3.524820e+003	1.567000e-003	2.088800e-001
3.550028e+003	1.575000e-003	2.011800e-001
3.574958e+003	1.521000e-003	1.852400e-001
3.599834e+003	1.401000e-003	1.756800e-001
3.624820e+003	1.217000e-003	1.474600e-001
3.649751e+003	1.078000e-003	1.205600e-001
3.674958e+003	8.900000e-004	9.626000e-002
3.699889e+003	6.870000e-004	6.290000e-002
3.724765e+003	4.730000e-004	2.866000e-002
3.750028e+003	2.500000e-004	-5.940000e-003
3.774958e+003	2.600000e-005	-3.880000e-002
3.799889e+003	-1.620000e-004	-7.194000e-002
3.824765e+003	-2.700000e-004	-1.016800e-001
3.850028e+003	-5.060000e-004	-1.245200e-001
3.874958e+003	-6.210000e-004	-1.471600e-001
3.899889e+003	-7.400000e-004	-1.633000e-001
3.924820e+003	-7.830000e-004	-1.753200e-001
3.949972e+003	-8.490000e-004	-1.814600e-001
3.974958e+003	-7.420000e-004	-1.819400e-001
3.999889e+003	-8.070000e-004	-1.731600e-001
4.024820e+003	-7.290000e-004	-1.653800e-001
4.049695e+003	-6.150000e-004	-1.446600e-001
4.074958e+003	-4.330000e-004	-1.180000e-001
4.099889e+003	-2.440000e-004	-9.326000e-002
4.124820e+003	-1.050000e-004	-6.810000e-002
4.150028e+003	-7.000000e-006	-4.038000e-002
4.174903e+003	2.330000e-004	-1.000000e-002
4.199889e+003	4.440000e-004	2.082000e-002
4.224820e+003	6.480000e-004	5.156000e-002
4.249751e+003	7.530000e-004	7.790000e-002
4.274903e+003	9.590000e-004	1.019800e-001
4.299889e+003	1.084000e-003	1.231200e-001
4.324820e+003	1.195000e-003	1.405600e-001
4.350028e+003	1.316000e-003	1.569400e-001
4.374958e+003	1.410000e-003	1.709000e-001
4.399834e+003	1.382000e-003	1.740200e-001
4.424820e+003	1.346000e-003	1.623400e-001
4.449751e+003	1.274000e-003	1.560400e-001
4.474958e+003	1.243000e-003	1.469800e-001
4.499834e+003	1.121000e-003	1.269200e-001
4.524820e+003	9.720000e-004	1.061600e-001
4.550028e+003	8.600000e-004	8.556000e-002
4.574958e+003	7.020000e-004	5.876000e-002
4.599834e+003	5.160000e-004	3.028000e-002
4.624765e+003	3.080000e-004	4.400000e-003
4.650028e+003	1.620000e-004	-2.330000e-002
4.674958e+003	2.900000e-005	-5.016000e-002
4.699889e+003	-1.190000e-004	-7.500000e-002
4.724820e+003	-3.020000e-004	-9.782000e-002
4.750028e+003	-4.260000e-004	-1.186200e-001
4.774958e+003	-5.190000e-004	-1.297200e-001
4.799889e+003	-5.590000e-004	-1.395000e-001
4.824820e+003	-5.710000e-004	-1.478600e-001
4.849695e+003	-5.850000e-004	-1.529200e-001
4.874958e+003	-5.710000e-004	-1.428600e-001
4.899889e+003	-5.580000e-004	-1.360400e-001
4.924820e+003	-4.380000e-004	-1.237800e-001
4.950028e+003	-3.060000e-004	-1.031600e-001
4.974958e+003	-2.200000e-004	-8.140000e-002
4.999889e+003	-1.100000e-005	-6.292000e-002
5.024875e+003	7.300000e-005	-3.858000e-002
5.049751e+003	2.800000e-004	-1.322000e-002
5.075014e+003	4.450000e-004	1.214000e-002
5.099945e+003	4.950000e-004	3.650000e-002
5.124875e+003	6.660000e-004	6.026000e-002
5.149751e+003	8.350000e-004	7.802000e-002
5.175014e+003	9.710000e-004	1.036600e-001
5.199889e+003	1.089000e-003	1.154000e-001
5.224875e+003	1.162000e-003	1.353200e-001
5.249751e+003	1.149000e-003	1.387600e-001
5.275014e+003	1.135000e-003	1.402800e-001
5.299945e+003	1.199000e-003	1.380800e-001
5.324875e+003	1.220000e-003	1.340000e-001
5.349806e+003	1.137000e-003	1.250600e-001
5.374958e+003	1.009000e-003	1.127000e-001
5.399945e+003	9.050000e-004	9.734000e-002
5.424875e+003	8.100000e-004	7.598000e-002
5.449806e+003	7.270000e-004	5.650000e-002
5.475014e+003	5.440000e-004	3.450000e-002
5.499889e+003	4.110000e-004	1.104000e-002
5.524875e+003	2.230000e-004	-1.460000e-002
5.549806e+003	9.800000e-005	-3.490000e-002
5.575014e+003	6.000000e-006	-5.614000e-002
5.599889e+003	-1.460000e-004	-7.638000e-002
5.624875e+003	-2.300000e-004	-9.178000e-002
5.649806e+003	-2.430000e-004	-1.006800e-001
5.675014e+003	-3.330000e-004	-1.108800e-001
5.699945e+003	-3.660000e-004	-1.167400e-001
5.724875e+003	-4.070000e-004	-1.236400e-001
5.749806e+003	-4.110000e-004	-1.244600e-001
5.775014e+003	-3.320000e-004	-1.169400e-001
5.799945e+003	-2.940000e-004	-1.047600e-001
5.824820e+003	-2.140000e-004	-9.306000e-002
5.849806e+003	-1.570000e-004	-8.042000e-002
5.875014e+003	1.400000e-005	-5.862000e-002
5.899945e+003	8.300000e-005	-4.228000e-002
5.924820e+003	2.120000e-004	-2.210000e-002
5.950028e+003	3.450000e-004	-8.600000e-004
5.975014e+003	4.970000e-004	2.222000e-002
5.999945e+003	6.260000e-004	4.220000e-002
6.024875e+003	7.570000e-004	5.894000e-002
6.049751e+003	8.510000e-004	7.620000e-002
6.075014e+003	9.020000e-004	8.960000e-002
6.099945e+003	9.990000e-004	1.010200e-001
6.124875e+003	1.029000e-003	1.089800e-001
6.149751e+003	1.012000e-003	1.157000e-001
6.174958e+003	1.067000e-003	1.133400e-001
6.199945e+003	1.015000e-003	1.070200e-001
6.224875e+003	9.980000e-004	9.244000e-002
6.249751e+003	9.200000e-004	9.214000e-002
6.274903e+003	8.910000e-004	8.016000e-002
6.299889e+003	8.040000e-004	6.854000e-002
6.324820e+003	6.740000e-004	4.776000e-002
6.350028e+003	5.660000e-004	3.218000e-002
6.374903e+003	4.550000e-004	1.550000e-002
6.399834e+003	3.470000e-004	-4.340000e-003
6.424820e+003	2.490000e-004	-2.328000e-002
6.449751e+003	1.390000e-004	-3.880000e-002
6.474958e+003	-4.000000e-006	-5.568000e-002
6.499834e+003	-4.500000e-005	-7.024000e-002
6.524820e+003	-1.300000e-004	-8.238000e-002
6.550028e+003	-2.130000e-004	-9.454000e-002
6.574903e+003	-2.240000e-004	-9.802000e-002
6.599889e+003	-2.340000e-004	-1.000600e-001
6.624820e+003	-2.620000e-004	-9.708000e-002
6.649751e+003	-1.740000e-004	-8.684000e-002
6.674958e+003	-1.530000e-004	-9.202000e-002
6.699889e+003	-3.100000e-005	-7.298000e-002
6.724820e+003	-1.000000e-005	-6.002000e-002
6.750028e+003	9.400000e-005	-4.902000e-002
6.774958e+003	1.710000e-004	-3.548000e-002
6.799889e+003	2.490000e-004	-1.748000e-002
6.824765e+003	3.550000e-004	-2.460000e-003
6.850028e+003	4.830000e-004	1.386000e-002
6.874958e+003	5.260000e-004	3.022000e-002
6.899889e+003	6.060000e-004	4.520000e-002
6.924765e+003	7.680000e-004	5.848000e-002
6.950028e+003	7.880000e-004	6.732000e-002
6.974958e+003	8.900000e-004	8.028000e-002
